2048
64
131072

1

28 102 23 124 73 38 6 25 62 65 33 103 65 110 119 36 54 59 103 54 21 2 50 32 48 87 39 87 119 16 82 2 115 124 26 89 45 111 122 119 51 119 29 101 125 35 73 84 46 120 90 114 115 34 36 34 43 126 108 27 65 99 98 67 80 101 17 90 76 58 100 102 5 126 77 124 35 73 2 100 44 113 39 104 108 88 44 8 29 84 33 104 9 41 101 122 15 37 74 101 12 118 19 17 55 59 14 72 40 78 1 75 102 120 19 41 91 93 80 20 70 106 96 43 1 114 96 98 3 81 118 44 39 80 98 122 19 42 89 125 3 85 2 111 67 87 31 1 41 108 30 104 116 119 28 38 13 65 19 123 21 52 79 15 60 69 40 18 7 127 55 68 125 121 14 5 74 18 68 18 90 95 33 63 118 112 86 106 5 122 11 18 29 92 104 50 77 126 86 90 113 49 108 4 8 39 72 79 14 40 1 8 56 113 47 46 69 57 6 16 126 87 83 84 114 42 12 47 37 104 104 56 7 54 41 105 108 76 90 74 24 27 57 46 33 40 15 108 97 70 36 45 22 86 121 71 93 45 95 9 85 116 97 52 34 124 20 15 71 86 62 70 28 116 13 74 109 61 121 45 13 108 33 33 59 50 121 53 22 104 14 6 85 5 60 89 27 22 29 120 77 68 25 90 122 86 77 34 109 43 102 90 117 126 26 89 12 52 41 2 54 93 106 28 105 7 71 56 74 60 65 61 41 1 109 0 9 33 72 89 124 47 35 65 64 13 30 111 68 70 16 7 108 48 92 19 115 21 27 34 21 77 68 45 79 20 122 64 110 32 89 69 93 89 59 66 96 66 87 75 6 1 105 30 80 54 57 104 11 58 24 66 125 43 78 90 68 44 24 22 36 52 48 29 26 72 70 94 84 105 103 84 55
FIFO
0
227
2 5 6 8 9 16 17 21 23 25 26 27 28 29 32 33 34 35 36 38 39 43 44 45 46 48 50 51 54 58 59 62 65 67 73 76 77 80 82 87 88 89 90 98 99 100 101 102 103 104 108 110 111 113 114 115 119 120 122 124 125 126
RAND
0
231
0 1 2 3 4 6 7 8 9 13 14 17 18 20 22 23 31 32 37 38 39 41 42 46 50 51 53 60 61 62 63 67 71 73 75 76 79 81 82 83 86 88 89 91 92 94 97 98 99 100 101 102 113 114 117 118 119 121 123 125 126 127
LRU
0
231
3 4 8 9 12 13 15 16 17 18 20 23 27 28 31 34 37 38 39 40 41 42 45 46 47 49 50 51 56 62 63 67 71 73 74 76 81 82 83 85 86 88 91 93 95 97 98 99 100 101 109 112 113 114 116 118 119 121 123 124 126 127
MIN
0
147
2 3 4 5 6 8 9 15 16 17 18 23 25 27 28 29 31 33 34 36 37 38 39 40 43 45 46 49 50 51 54 59 62 63 67 73 76 81 82 84 87 88 89 90 91 98 99 100 101 102 108 112 113 114 118 119 120 122 123 124 126 127
2

30 87 117 38 109 113 123 110 115 102 93 74 10 57 33 24 79 37 81 115 5 25 42 9 49 78 19 106 70 125 0 59 25 46 118 104 58 88 79 16 115 44 89 96 47 119 40 103 74 34 46 81 9 56 109 122 38 121 20 120 81 75 77 6 77 36 112 74 112 55 78 94 22 13 45 18 54 29 66 30 65 50 0 76 5 126 106 23 72 95 124 67 33 23 78 45 123 41 123 110 29 30 5 12 114 86 6 21 119 9 97 79 81 126 80 72 116 51 112 33 101 124 119 49 70 117 115 33 11 7 48 25 16 37 47 12 91 92 111 22 113 80 78 65 8 4 76 74 45 86 69 112 19 35 116 123 37 19 17 67 47 15 99 47 127 54 9 38 93 77 25 90 95 55 79 26 105 93 54 46 71 93 48 103 97 88 96 38 45 6 113 103 6 108 37 81 34 104 86 82 102 11 50 119 98 10 94 56 31 62 54 118 93 64 110 69 6 64 66 107 40 50 112 80 9 115 76 126 119 90 116 2 63 122 101 58 117 59 20 20 20 80 44 117 65 119 104 3 34 53 27 88 43 114 8 10 73 67 78 39 75 73 78 55 89 39 94 15 56 96 84 39 78 101 61 85 58 7 14 52 26 120 7 11 29 20 68 98 32 16 84 45 31 95 126 34 33 118 7 107 100 16 62 83 23 29 37 118 117 113 76 5 4 110 90 60 36 27 35 70 102 105 84 117 2 75 70 78 97 46 76 76 80 92 116 6 119 45 74 99 35 78 35 11 30 1 32 73 40 14 36 22 111 72 68 33 14 94 113 37 65 94 78 48 67 126 124 45 49 82 97 93 75 60 26 53 110 91 9 14 31 46 85 47 15 8 102 42 88 100 11 10 66 104 106 45 121 90 118 38 38 97 95 65 38 78 53 45 127 1 98 54 125 74 72 64 89 20 90 126 10 74 34 115 41 25 111 45 31 6 96 111 43 5 44 5 66 114 86 75 29 89 78 114 80 77 44 12 122 93 106 111 30 47 112 29 5 1 74 118 33 122 71 108 80 104 10 21 4 123 92 35 84 119 109 38 52 72 13 17 25 6 75 102 20 98 110 113 104 39 113 76 122 111 28 68 58 96 81 71 60 31 79 88 121 68 61 110 12 24 51 57 54 75 52 122 11 67 57 75 20 19 33 112 46 58 127 127 92 42 91 41 1 92 26 76 59 18 39 2 31 51 117 73 89 105 102 41 81 114 95 56 69 36 13 5 41 64 99 60 43 75 55 57 16 26 119 106 30 45 26 30 11 109 22 12 20 60 84 38 121 2 58 62 67 45 99 48 111 44 70 113 49 97 113 10 51 1 52 114 69 81 81 13 34 116 37 70 107 53 92 41 46 66 123 125 112 35 23 114 13 77 6 23 99 34 107 65 126 26 31 109 32 93 76 27 80 80 90 63 94 65 3 66 123 50 41 20 16 55 113 9 103 112 118 97 9 108 109 50 11 106 21 46 97 45 77 127 0 50 85 11 109 42 119 22 98 46 7 94 65 64 26 75 127 89 36 97 32 11 61 61 9 26 93 27 121 24 91 116 106 69 112 30 0 34 20 58 102 125 58 116 49 103 123 32 30 61 86 39 120 74 65 85 115 33 88 23 79 28 90 62 66 95 85 122 0 11 92 43 75 94 65 25 106 98 116 44 3 37 70
FIFO
0
413
2 5 6 8 9 15 16 17 21 23 25 26 27 28 29 32 33 34 35 36 38 39 41 43 45 46 48 50 51 54 58 59 62 65 67 73 76 77 80 82 84 87 88 89 90 98 99 100 101 102 103 104 108 110 111 113 114 115 119 120 122 124 125 126
RAND
0
395
1 4 5 7 8 10 13 14 15 17 19 21 22 24 27 29 30 31 38 40 41 45 46 47 48 51 52 53 54 56 57 58 59 60 63 64 68 69 71 72 73 75 77 78 80 81 82 83 84 87 95 96 97 98 100 101 104 105 110 111 113 114 119 124
LRU
0
411
1 2 4 5 8 10 12 14 15 16 17 18 19 20 22 29 31 34 38 40 41 45 47 48 49 51 52 53 54 55 56 57 59 60 64 66 67 68 71 72 73 78 81 82 83 84 87 92 96 97 99 100 101 104 105 107 110 111 114 117 121 123 124 125
MIN
0
217
1 2 4 5 6 8 10 12 13 14 15 17 18 19 29 31 33 34 35 38 40 41 45 46 47 48 51 52 53 54 55 56 57 59 60 67 68 71 72 73 76 78 81 82 83 84 87 88 89 93 96 99 100 101 102 104 105 110 111 113 114 117 119 124
3

119 112 73 51 53 34 113 65 117 77 45 21 127 92 56 57 60 79 110 15 6 78 28 16 56 117 117 38 2 98 6 22 17 14 105 24 107 15 32 0 0 79 80 77 17 56 55 82 6 68 79 9 86 52 86 21 99 103 0 88 110 77 40 80 77 127 117 89 60 33 28 9 27 70 104 9 111 66 14 77 116 118 25 97 48 89 11 81 110 43 35 102 117 121 92 116 75 88 55 79 26 73 57 61 68 107 89 78 120 125 87 108 3 31 14 4 124 115 1 110 24 45 95 8 23 36 69 30 98 38 52 2 55 26 95 17 43 27 110 39 43 78 36 39 55 122 28 82 26 7 113 11 22 123 9 31 26 53 55 8 28 106 90 51 50 97 92 79 112 27 84 27 94 16 46 48 89 70 104 23 24 86 48 20 49 72 14 30 111 26 38 37 102 35 34 72 110 96 10 117 104 26 7 82 10 39 42 27 44 6 63 61 111 48 50 63 60 69 19 80 77 109 118 117 13 60 3 25 1 110 120 67 26 127 12 66 113 119 54 1 49 73 48 119
FIFO
0
143
2 6 16 21 23 25 26 27 28 32 33 34 35 36 38 39 43 45 46 48 50 51 54 65 67 73 80 82 84 87 89 90 98 99 102 103 108 110 111 115 120 122 124 125
RAND
0
134
0 2 4 8 9 10 17 19 20 21 27 28 32 38 40 43 46 51 52 53 55 56 57 65 68 70 72 78 79 81 84 87 88 90 97 99 103 107 108 110 113 116 124 125
LRU
0
143
0 2 3 4 9 11 15 17 21 22 31 32 33 35 40 43 45 52 55 56 57 61 65 68 70 75 81 87 88 89 95 97 98 99 102 103 105 107 108 115 116 121 124 125
MIN
0
108
0 2 6 9 14 15 16 17 21 22 24 28 32 33 34 38 40 45 51 53 55 56 57 60 65 68 77 78 79 81 82 88 92 98 99 103 105 107 112 113 116 117 121 127
4

60 63 26 99 104 91 83 38 88 94 73 78 87 39 77 99 45 89 44 22 4 123 20 119 23 16 83 23 81 31 99 117 125 30 92 48 111 122 18 36 108 1 124 119 33 0 122 49 75 15 21 79 72 127 76 101 127 109 111 12 116 26 88 21 71 13 29 124 17 35 106 65 51 70 77 46 0 58 25 107 13 58 113 33 4 12 125 71 92 50 101 51 31 87 16 53 94 35 107 32 20 113 83 66 19 82 25 3 2 91 84 80 11 36 117 79 73 79 49 85 114 59 109 79 44 58 93 60 15 19 31 60 123 80 5 60 82 21 11 114 108 12 55 12 91 73 32 31 49 49 23 89 105 38 24 105 42 110 57 85 116 118 103 76 69 22 18 125 118 107 14 39 81 91 127 41 87 114 91 99 25 6 52 24 54 22 70 95 90 105 109 115 32 97 56 21 112 118 104 2 78 59 21 29 87 56 62 116 109 13 27 63 32 71 13 12 118 121 101 40 76 32 90 95 105 113 93 35 112 123 39 121
FIFO
0
133
2 6 16 17 21 23 25 26 27 29 32 33 35 36 38 45 46 48 50 51 54 59 62 65 73 80 82 84 87 89 90 99 101 103 108 110 111 114 115 119 122 124 125
RAND
0
126
1 3 4 5 6 16 17 18 19 20 21 24 26 30 36 38 45 46 48 50 51 54 55 56 57 58 60 65 69 72 77 78 83 84 85 89 92 103 108 114 117 119 127
LRU
0
137
0 1 4 15 16 17 19 20 25 26 30 31 33 36 45 46 48 49 50 51 53 58 65 66 70 72 75 77 79 82 83 88 92 94 106 107 108 111 117 119 122 124 127
MIN
0
107
0 1 4 15 16 18 20 22 23 26 30 31 33 36 38 44 45 48 49 60 63 73 75 77 78 79 81 83 87 88 89 91 92 94 99 104 108 111 117 119 122 124 125
5

111 50 24 127 70 90 53 109 6 61 78 5 39 81 32 96 55 106 102 87 84 123 4 10 20 45 54 48 33 103 127 101 116 93 51 110 99 50 107 120 4 60 86 100 93 98 14 35 110 47 78 20 65 53 98 41 84 0 123 99 2 102 54 60 68 43 118 114 101 10 120 19 17 20 81 22 116 123 25 123 99 36 75 71 8 115 89 48 44 20 62 61 112 105 103 7 41 83 76 52 50 30 91 103 108 51 124 69 1 36 31 125 21 35 65 88 21 37 74 68 123 94 91 81 94 41 23 38 17 103 7 108 89 87 76 94 72 116 98 105 21 93 45 115 16 14 71 109 67 101 110 45 17 54 119 34 51 72 62 90 71 15 9 14 81 127 12 78 78 58 79 68 27 115 84 88 38 77 35 82 59 20 71 27 47 94 36 2 9 6 81 85 67 70 15 63 68 67 82 18 46 30 22 110 3 54 77 107 120 123 7 8 95 72 51 24 5 85 12 33 127 113 72 8 42 57 27 125 70 78 85 21 49 57 103 51 36 90 108 65 104 100 26 16 45 12 22 64 54 93 116 117 95 7 12 94 98 86 55 0 26 125 35 90 117 45 74 108 88 31 61 87 69 20 56 97 36 122 11 86 99 34 41 78 9 124 43 116 87 44 119 119 61 33 64 122 71 80 6 115 23 57 109 32 116 68 100 36 51 91 27 102 89 97 126 106 79 113 119 77 20 111 55 88 96 90 113 48 50 102 93 99 123 88 126 82 44 15 22 44 125 47 65 16 2 83 88 10 44 31 117 31 6 42 81 94 81 102 112 45 3 80 14 59 45 57 9 41 38 44 25 118 51 93 3 27 54 73 73 44 112 69 97 43 100 91 110 46 32 4 15 55 81 63 112 56 3 71 106 116 8 20 67 88 12 66 18 67 60 41 55 61 112 19 116 14 31 123 66 5 10 59 98 12 15 60 44 65 43 113 8 125 102 48 1 102 48 96 0 32 86 19 57 94 57 98 98 106 21 24 12 101 3 38 25 67 2 3 24 32 52 107 23 87 11 84 43 5 100 122 45 107 34 100 72 73 26 125 124 55 24 17 107 9 20 28 79 104 8 26 121 111 82 23 38 80 89 88 105 112 106 100 60 41 42 32 21 112 121 29 75 15 77 112 2 99 68 78 37 55 23 33 98 94 22 26 118 106 97 26 97 38 48 56 84 33 116 109 51 39 14 4 107 82 34 121 2 97 69 40 15 40 32 40 125 108 108 28 107 116 17 84 42 74 111 64 99 16 86 23 7 59 12 73 109 112 10 127 27 36 47 1 89 29 94 15 4 96 46 121 36 2 97 51 112 50 114 50 45 80 98 17 15 1 22 62 81 59 49 5 122 119 29 118 82 83 76 77 84 127 79 110 97 9 101 94 75 41 16 104 55 103 47 11 35 127 59 2 107 66 60 4 0 16 127 57 40 47 40 17 116 24 108 31 26 115 119 62 25 39 57 39 54 28 43 16 64 68 14 106 78 8 1 98 92 42 23 20 97 46 9 31 2 50 105 45 95 0 62 75 111 121 108 15 1 7 30 90 10 59 125 4 53 50 46 89 101 77 58 14 83 79 121 123 67 25 93 78 58 37 86 93 102 75 83 47 79 21 10 120 124 61 64 64 125 8 34 93 111 116 68 36 18 7 34 84 66 5 24 85 40 123 35 20 20 73 23 59 72 64 22 92 107 90 73 69 90 30 83 122 44 61 93 87 46 69 10 100 61 71 22 78 117 92 51 24 75 60 122 112 75 39 45 95 66 3 89 117 86 125 26 114 3 32 117 92 19 23 44 23 10 20 42 15 98 118 122 80 112 124 105 69 73 73 57 35 49 108 57 60 85 55 66 127 116 13 5 79 32 5 48 44 43 115 103 62 103 94 17 15 76 7 59 113 87 43 87 57 37 6 111 63 2 31 122 70 19 84 116 95 8 70 32 115 114 111 92 59 79 86 50 14 91 45 100 6 92 49 110 34 112 79 16 40 11 34 19 23 16 84 44 124 72 74 97 100 0 6 43 1 73 112 7 112 53 47 17 11 21 117 114 85 51 58 40 58 79 46 81 117 60 68 92 8 72 111 32 127 34 24 98 56 112 121 58 11 121 21 89 16 34 108 115 75 32 64 18 30 55 60 46 22 48 55 106 64 92 93 17 84 123 60 58 82 3 110 90 38 57 62 53 125 24 2 73 9 20 59 22 58 24
FIFO
0
504
2 5 6 8 9 15 16 17 21 23 25 26 27 28 29 32 33 34 35 36 38 39 41 43 44 45 46 48 50 51 54 59 62 65 67 73 76 77 80 82 84 87 88 89 90 98 99 100 101 102 103 104 108 110 111 113 114 115 119 120 122 124 125 126
RAND
0
509
1 4 10 12 13 14 15 19 26 27 28 29 32 33 35 37 40 41 42 43 44 49 50 51 52 54 61 63 65 66 67 69 71 75 76 77 78 79 80 83 86 88 89 91 92 93 94 96 99 100 101 102 103 104 105 107 109 112 113 119 120 121 122 126
LRU
0
531
4 5 6 7 10 12 13 15 19 23 25 26 27 28 29 31 33 35 36 37 39 41 42 43 49 52 54 61 63 65 66 67 69 70 71 76 77 78 79 80 83 87 88 94 95 96 99 101 102 103 104 105 107 109 111 113 115 116 118 119 120 122 126 127
MIN
0
261
2 4 5 7 10 12 14 15 23 25 26 27 28 29 31 33 34 35 36 39 41 42 43 45 46 50 51 52 54 55 57 60 61 65 66 67 71 75 77 78 79 83 84 86 88 89 94 96 98 99 101 102 103 104 105 107 109 111 116 118 119 120 122 126
6

60 39 58 121 112 58 118 116 115 36 83 13 4 45 27 113 104 80 6 115 54 37 85 10 101 118 112 20 66 119 73 17 116 123 92 16 89 44 92 52 37 5 101 74 3 72 11 29 74 37 108 6 99 7 48 54 7 58 52 8 13 30 41 81 32 112 55 3 17 23 31 108 89 23 41 4 80 11 125 53 6 23 20 98 35 95 97 19 85 92 2 58 74 6 71 26 107 71 13 6 88 9 69 51 84 95 22 68 62 126 43 98 86 20 57 17 16 37 58 56 18 27 95 98 109 123 53 52 86 105 15 125 104 68 44 15 116 91 82 30 46 38 55 38 123 17 113 1 99 104 110 126 103 49 124 86 80 79 66 83 32 95 3 28 11 126 82 89 48 87 1 96 118 81 11 14 13 93 83 102 2 7 78 29 107 57 24 117 124 113 97 13 60 51 31 92 93 48 24 52 96 125 50 107 125 51 12 27 3 95 17 104 77 120 120 68 77 17 37 88 124 121 34 44 38 29 55 91 10 90 59 38 36 35 88 104 66 66 80 23 80 55 72 126 65 74 110 118 26 51 81 60 107 61 105 41 70 127 33 65 31 18 80 0 105 41 3 62 13 102 96 118 98 38 35 13 91 34 20 125 112 76 54 54 7 107 13 94 90 61 47 101 97 116 30 35 115 36 18 1 104 69 89 51 30 4 80 73 16 113 68 21 4 107 32 95 50 67 123 58 94 40 99 57 109 82 102 43 0 59 31 107 25 125 82 108 5 37 47 81 124 27 76 81 45 94 38 67 120 71 12 108 5 26 125 112 96 12 78 98 29 87 39 39 6 26 89 92 118 126 42 123 94 55 12 42 30 12 78 108 19 27 8 56 52 13 32 84 28 78 77 14 7 100 37 27 69 90 30 21 60 90 87 68 51 94 91 79 42 11 75 26 65 71 53 61 88 87 20 38 100 70 31 97 39 69 6 106 18 48 11 79 95 31 99 65 48 56 52 94 121 62 119 26 117 100 7 26 103 114 48 112 105 0 60 117 89 62 39 43 22 120 85 85 54 23 2 18 61 80 70 44 41 22 16 20 78 3 106 92 105 55 25 15 102 11 51 72 91 70 118 97 30 115 9 80 2 84 76 48 9 64 121 46 3 84 15 108 95 19 81 48 82 80 17 40 17 112 116 18 82 55 92 14 97 2 94 37 16 39 107 2 10 52 100 45 48 103 12 108 39 112 59 107 84 35 116 24 4 76 72 122 91 44 28 57 5 86 8 42 83 80 80 81 108 70 49 127 20 50 116 82 12 102 125 113 106 74 48 115 43 42 12 44 10 56 68 0 43 62 89 122 3 67 83 74 75 10 126 116 117 25 116 49 75 58 42 0 40 88 110 74 109 55 19 82 117 26 73 5 3 93 108 6 65 33 94 0 117 113 31 98 65 77 53 114 4 59 118 58 2 76 49 20 3 71 51 109 113 49 50 41 96 36 78 91 51 9 54 35 45 11 92 74 118 44 58 57 78 89 12 124 116 125 126 43 105 7 47 12 116 82 16 114 127 102 33 29 123 8 104
FIFO
0
346
2 5 6 8 9 16 17 21 23 25 26 27 28 29 32 33 34 35 36 38 39 41 43 44 45 46 48 50 51 54 58 59 62 65 67 73 76 77 80 82 84 87 88 89 90 98 99 100 101 102 103 108 110 113 114 115 119 120 122 124 125 126
RAND
0
369
1 2 4 6 13 14 15 17 21 22 23 24 26 28 30 32 33 34 36 37 38 40 42 46 49 50 52 55 56 58 59 60 61 64 66 67 68 69 70 72 76 79 80 81 83 84 85 87 88 90 91 92 97 98 99 101 103 106 107 118 119 120
LRU
0
374
1 4 5 10 13 14 15 17 18 19 21 22 23 24 25 27 28 30 32 34 35 37 38 39 40 42 45 46 52 55 57 59 60 61 64 66 69 72 79 80 81 83 84 85 86 87 90 91 95 97 99 100 101 103 107 108 112 115 119 120 121 122
MIN
0
202
0 1 13 14 15 18 20 21 22 23 25 26 27 28 30 31 32 34 37 38 39 40 51 52 54 55 60 61 62 65 66 68 69 70 76 79 80 81 84 85 87 88 89 90 91 92 95 97 99 100 101 102 103 106 107 112 115 116 118 119 120 121
7

56 2 108 47 62 0 106 37 114 46 31 23 32 101 44 24 5 108 74 110 24 70 82 22 103 32 50 104 0 89 31 61 94 30 83 62 40 50 37 25 84 50 43 17 24 98 23 20 98 115 40 63 30 70 110 34 13 20 116 1 82 122 127 37 43 91 60 76 120 127 1 79 89 101 26 57 5 106 11 127 9 108 102 105 38 99 116 118 49 14 125 41 32 93 21 53 18 72 25 38 2 68 91 112 7 103 90 84 79 11 82 29 96 9 17 2 67 35 83 114 122 125 43 49 31 107 85 55 77 30 37 46 90 59 114 40 63 105 123 74 98 82 83 82 39 84 6 62 53 76 121 57 118 58 4 72 95 89 103 68 44 79 29 39 66 4 44 6 107 103 45 116 107 94 12 43 74 79 125 74 76 91 5 94 96 54 3 104 77 28 107 77 51 47 112 67 90 107 108 39 51 72 39 27 31 105 51 17 60 68 13 93 16 115 61 92 8 79 90 96 76 24 12 110 4 106 124 59 67 95 51 60 121 21 50 19 41 9 67 119 107 9 75 46 120 79 67 64 66 113 8 37 53 89 120 14 43 16 53 102 36 62 44 43 116 24 48 34 50 40 99 12 70 108 79 54 27 107 97 13 78 81 5 76 121 41 20 110 126 86 89 108 22 94 82 63 109 80 28 4 112 94 50 29 37 53 65 91 63 100 94 26 19 26 50 60 5 91 20 2 126 83 57 66 50 110 16 82 33 29 113 45 33 27 63 64 112 47 73 58 52 111 100 105 8 49 95 25 115 0 18 105 56 29 16 70 7 0 68 35 50 44 67 80 96 0 114 52 60 82 13 76 117 68 78 79 120 41 95 45 115 85 85 87 108 13 70 34 100 2 30 65 81 35 23 52 116 106 35 121 110 47 46 59 117 86 113 95 37 17 5 9 103 127 90 121 13 83 93 56 101 92 95 110 115 52 31 82 125 20 126 51 60 47 67 5 71 59 102 18 98 91 66 37 111 95 21 57 113 26 87 17 104 93 12 68 110 47 82 72 82 7 0 60 88 69 78 11 30 60 8 35 56 83 85 75 58 122 94 117 56 2 13 109 44 106 20 63 39 22 40 98
FIFO
0
247
2 5 6 8 16 17 21 23 25 26 27 28 29 32 33 34 35 36 38 39 43 44 45 46 48 50 51 54 58 59 62 65 67 73 76 77 80 82 84 87 88 89 90 99 100 101 102 103 104 108 110 111 113 114 115 119 120 122 124 125 126
RAND
0
263
1 2 3 6 12 13 14 19 21 23 24 25 26 27 28 31 32 35 36 37 38 41 43 46 48 49 53 54 55 57 62 64 70 73 74 76 77 80 81 84 86 87 89 90 93 95 96 97 99 100 102 105 106 108 112 114 115 118 123 124 126
LRU
0
250
0 1 3 4 6 7 14 16 18 19 24 25 27 28 29 32 33 34 35 36 38 43 45 48 49 50 52 53 54 55 56 57 61 62 64 65 66 68 70 73 74 77 80 81 84 86 89 95 97 99 100 105 107 111 112 116 118 119 120 123 124
MIN
0
152
1 2 3 4 5 6 9 14 16 17 19 24 27 28 29 32 33 34 36 37 38 41 43 46 47 48 49 50 53 54 55 60 61 62 64 70 73 74 76 77 79 82 83 84 89 91 97 99 102 105 107 108 110 112 115 116 118 119 120 123 124
8

49 17 69 56 68 97 10 101 32 101 56 70 38 37 98 88 58 7 110 47 11 18 93 26 24 115 113 44 76 103 54 72 24 75 16 70 67 103 9 107 63 67 61 115 91 55 96 29 120 99 87 15 98 31 36 15 3 79 65 27 81 51 81 38 84 39 117 16 76 58 101 45 68 54 23 80 50 81 66 111 85 6 109 45 106 8 12 100 31 126 93 123 82 60 90 124 59 67 2 111 113 108 10 5 45 93 95 7 86 39 122 31 61 52 107 118 79 97 3 60 118 4 104 81 45 69 66 16 81 55 4 27 110 107 119 111 30 51 103 5 67 55 35 110 7 44 54 28 87 122 43 48 110 42 93 42 70 110 13 35 10 15 106 106 48 99 14 98 85 8 36 92 87 47 124 91 45 119 10 58 122 113 100 14 81 103 105 87 74 99 22 107 62 29 72 91 99 117 55 44 60 124 116 48 104 34 60 51 7 43 7 42 9 58 38 98 32 81 104 119 24 61 57 90 37 53 92 62 113 104 30 54 52 2 38 116 43 125 115 126 99 64 71 49 76 22 103 30 57 53 31 122 48 121 98 96 120 92 64 124 83 41 48 14 51 41 99 93 127 52 124 15 41 43 20 81 92 61 68 79 114 48 109 84 38 97 73 120 103 40 98 103 25 124 64 52 64 74 90 56 34 3 59 66 66 66 14 105 64 106 30 90 8 126 56 49 127 116 120 23 80 77 69 62 38 82 16 112 24 28 78 14 29 124 6 52 71 111 79 15 51 68 78 75 57 48 5 110 105 49 77 110 87 115 120 96 17 78 93 79 34 106 77 29 42 114 89 3 100 89 44 51 31 65 10 111 49 97 19 77 92 46 118 57 107 17 31 8 60 12 119 101 91 11 106 10 9 109 104 121 113 62 5 51 23 15 81 105 4 62 42 79 57 120 51 65 35 32 76 82 57 122 43 125 66 74 17 12 5 6 72 113 58 21 36 126 36 34 51 119 69 126 22 103 18 16 55 32 113 71 90 13 112 55 23 69 107 51 77 21 101 72 12 69 50 33 61 51 96 91 0 112 78 32 33 31 46 107 97 22 39 111 78 126 101 19 79 125 83 8 85 68 26 78 112 66 81 101 42 33 24 8 66 44 93 44 27 69 16 60 82 99 80 38 58 103 33 28 102 16 94 78 53 112 63 30 51 77 8 92 74 51 40 117 1 10 90 94 76 72 62 112 100 19 8 113 1 118 3 111 10 11 97 34 125 43 87 60 59 11 21 122 55 21 49 21 93 15 119 63 21 46 111 74 122 25 114 120 88 121 99 121 18 89 23 73 5 123 117 19 73 25 16 101 12 2 61 78 9 103 102 47 80 42 26 76 73 57 80 63 32 23 63 127 49 63 8 123 1 1 73 90 33 57 83 15 61 50 95 35 14 42 43 108 118 73 93 112 4 21 35 73 39 80 61 79 79 96 119 63 83 109 38 107 96 95 97 104 5 117 40 109 49 72 112 18 102 11 18 66 51 123 53 31 17 60 9 65 118 121 120 90 1 42 109 34 121 24 50 2 26 90 79 1 70 109 57 8 122 80 68 12 107 64 68 107 21 19 90 60 75 123 49 77 52 28 106 82 120 13 72 50 96 6 115 92 55 9 51 43 39 60 16 99 59 25 30 7 109 57 15 7 121 71 84 29 101 107 44 2 100 6 99 66 53 115 60 64 9 82 104 52 85 108 102 72 67 84 105 39 82 115 95 31 64 64 45 55 94 57 52 68 36 98 62 31 32 16 42 74 82 50 16 51 81 53 74 96 7 18 97 7 13 47 124 79 5 28 73 18 86 61 109 34 54 116 108 69 65 83 78 20 8 15 67 65 102 120 125 27 51 45 19 121 109 56 99 40 78 26 27 101 22 91 87 83 26 7 37 124 92 1 72 5 12 5 97 115 82 73 26 118 96 19 28 118 51 13 15 125 39 6 0 102 62 104 20 113 36 127 118 23 6 11 123 30 112 77 22 32 109
FIFO
0
470
2 5 6 8 9 15 16 17 21 23 25 26 27 28 29 33 34 35 36 38 39 41 43 44 45 46 48 50 51 54 58 59 62 65 67 73 76 77 80 82 84 87 88 89 90 98 99 100 101 102 103 104 108 110 111 113 114 115 119 120 122 124 125 126
RAND
0
468
0 1 2 4 9 10 16 17 24 28 29 35 38 40 41 42 43 44 45 48 49 50 52 53 54 55 58 59 60 61 63 66 69 70 71 72 74 76 78 80 81 84 85 86 87 88 89 90 93 94 95 97 98 100 103 105 106 110 114 117 119 120 122 126
LRU
0
469
2 3 4 7 9 10 14 16 17 21 24 25 29 31 33 35 38 39 41 43 44 46 48 49 52 53 55 57 58 59 60 63 64 66 67 68 70 71 75 76 80 84 85 88 89 90 93 99 100 101 103 105 106 107 108 110 111 114 117 119 120 121 122 126
MIN
0
231
3 4 8 9 10 14 15 16 17 18 21 24 25 31 33 34 35 38 41 42 43 46 48 49 50 51 55 57 58 59 60 61 63 66 70 71 72 75 76 78 79 80 83 88 89 90 93 96 97 99 100 101 103 106 107 110 111 114 117 119 120 121 122 126
9

84 108 40 59 67 91 90 28 107 90 15 59 61 120 4 11 94 8 49 106 54 98 63 117 56 109 4 101 76 114 79 44 108 49 13 114 44 112 92 57 107 88 124 126 6 11 85 101 104 48 39 41 30 38 52 25 16 24 63 83 35 74 9 85 36 29 4 99 8 33 92 16 64 54 90 96 97 105 55 15 111 63 110 101 110 2 94 115 44 55 58 71 43 51 39 20 75 8 101 80 119 124 35 81 105 66 34 15 86 113 109 3 46 60 75 61 93 36 97 45 61 35 50 49 38 37 102 67 68 57 19 80 56 108 9 29 56 37 104 29 16 88 18 101 8 114 22 105 119 84 63 73 8 41 48 45 72 45 117 76 103 126 121 124 4 36 27 82 44 64 5 90 107 93 118 94 112 108 87 58 100 34 106 106 7 60 17 8 84 90 93 17 28 87 105 99 79 76 59 14 101 56 48 52 88 35 10 50 3 32 71 27 11 18 71 81 90 47 27 6 25 16 52 58 55 113 118 68 85 12 108 115 16 32 67 118 72 121 122 31 52 5 60 13 2 91 113 94 71 49 69 54 107 36 92 81 40 20 9 28 70 38 29 96 74 63 69 124 90 10 71 65 22 12 102 105 65 48 13 1 77 1 60 58 127 54 17 56 126 103 123 21 72 37 25 94 65 66 33 88 97 28 16 73 54 1 96 89 22 38 63 26 56 9 62 28 4 85 14 83 123 20 77 121 91 31 3 19 56 49 102 4 18 100 13 116 40 30 3 38 74 103 106 21 56 53 103 21 37 110 123 74 84 60 24 71 11 118 75 37 109 42 115 12 56 22 63 36 44 41 56 37 65 66 48 53 54 111 115 39 39 21 29 83 19 46 95 16 2 48 83 23 74 22 18 84 50 23 79 102 65 22 54 108 28 57 75 50 0 50 43 42 3 123 119 51 25 90 28 7 47 124 11 2 48 118 71 120 104 20 65 103 76 37 68 83 88 66 49 117 120 65 113 90 45 22 30 6 62 23 88 58 97 22 26 31 104 87 98 79 103 112 117 37 31 61 80 11 75 61 34 79 46 110 112 44 33 111 116 79 49 58 42 98 46 124 0 124 66 9 40 103 111 46 18 1 76 27 38 56 84 118 116 64 96 88 99 33 37 120 116 15 126 124 126 51 62 32 111 87 23 115 6 29 58 39 120 35 57 50 118 107 83 9 117 127 100 69 101 17 24 15 34 111 48 34 63 33 33 38 29 118 124 49 104 23 79 104 89 111 26 88 17 40 69 79 23 39 82 44 127 65 23 90 60 68 35 58 84 87 42 77 126 25 69 91 36 7 99 18 100 23 12 56 34 41 96 41 70 9 48 10 63 107 43 34 41 75 78 111 38 38 96 3 123 86 61 9 59 60 30 0 85 118 13 34 21 117 56 117 105 74 60 28 72 79 12 95 127 48 112 82 19 123 64 0 22 64 60 15 43 123 87 12 56 26 17 4 66 30 71 30 25 81 63 32 29 90 12 33 0 45 122 33 70 11 65 109 37 41 119 115 123 62 83 48 73 118 79 15 23 121 117 12 28 57 59 70 17 37 75 79 74 59 78 64 3 117 30 31 119 12 58 80 109 11 95 112 85 29 45 102 88 116 102 115 80 11 77 50 89 44 22 21 26 23 13 74 21 119 114 33 25 106 118 60 7 98 1 84 2 56 110 39 40 35 25 86 40 92 122 12 74 8 113 53 27 127 86 105 125 2 58 40 111 89 106 127 62 105 23 28 60 50 11 17 15 86 79 37 119 21 54 124 112 5 115 100 34 18 56 21
FIFO
0
426
2 5 6 8 9 15 16 17 23 25 26 27 28 29 32 33 34 35 36 38 39 41 43 44 45 46 48 50 51 54 58 59 62 65 67 73 76 77 80 82 84 87 88 89 90 98 99 100 101 102 103 104 108 110 111 113 114 115 119 120 122 124 125 126
RAND
0
423
0 1 2 4 6 7 8 9 10 12 13 14 16 19 22 26 27 29 31 36 40 42 43 44 45 46 47 49 51 53 55 59 61 63 64 65 67 68 71 72 73 74 75 76 77 81 82 83 88 93 94 96 98 99 103 104 107 108 109 114 118 120 123 126
LRU
0
403
0 3 4 6 9 10 13 14 16 19 20 22 24 30 32 33 36 38 41 42 43 46 47 48 49 51 52 55 59 61 63 66 67 68 69 70 71 72 74 75 76 77 78 81 82 85 87 90 91 93 94 95 96 97 99 101 103 104 107 108 117 120 123 126
MIN
0
218
0 3 6 9 10 11 14 16 20 22 24 25 26 29 30 33 36 38 40 42 43 46 47 48 49 51 52 55 61 63 65 66 67 68 69 72 74 75 76 79 82 83 84 87 88 90 91 93 94 96 97 99 101 103 104 107 108 115 116 118 120 123 124 126
10

119 119 3 72 35 72 75 87 55 67 81 16 1 36 52 51 12 92 92 116 105 24 42 64 54 120 87 5 109 19 75 0 90 35 64 52 50 114 31 98 34 34 93 101 116 5 116 114 78 4 70 82 124 82 1 9 65 104 28 67 109 79 21 77 42 27 77 36 8 83 119 96 61 98 40 103 54 22 40 86 78 79 113 111 103 126 70 22 7 43 14 104 29 69 20 120 77 49 126 53 66 95 69 91 43 7 99 108 1 63 38 123 7 2 5 34 33 55 90 78 106 87 25 11 40 42 73 68 27 20 48 20 104 70 54 34 96 46 65 95 64 11 44 40 8 43 63 94 47 73 66 21 112 49 45 36 51 95 58 1 6 101 45 85 115 102 21 97 77 120 42 88 56 27 116 28 83 55 8 116 32 80 53 22 91 3 70 92 123 75 5 70 12 28 89 20 89 65 31 58 27 48 65 35 50 15 101 102 72 12 6 64 63 125 41 23 17 22 2 17 33 53 126 71 19 90 10 121 121 125 71 59 91 11 65 9 52 45 47 17 71 75 61 46 26 10 86 40 66 0 42 102 43 113 73 15 119 78 106 38 38 61 28 107 95 111 51 34 19 66 27 48 68 109 104 51 74 122 107 22 123 10 59 59 4 86 114 53 103 96 88 51 76 53 122 118 109 9 110 24 21 53 119 99 47 13 2 45 125 87 5 9 113 87 52 114 80 118 102 70 118 113 66 58 1 69 105 101 20 126 124 55 55 37 123 48 69 35 126 31 90 45 60 114 39 55 26 124 121 46 112 78 43 2 99 27 61 60 67 1 110 58 11 108 98 70 99 57 127 114 6 97 40 8 20 49 96 66 76 30 107 58 83 6 2 63 124 109 54 11 99 32 115 127 51 39 12 77 105 34 114 1 28 35 111 27 117 126 64 62 48 73 6 37 67 78 90 71 106 13 97 118 11 25 62 51 89 75 33 19 1 35 5 57 5 112 5 88 100 87 120 67 125 107 61 86 33 17 82 13 29 95 61 67 32 123 21 37 26 3 79 42 61 2 38 0 15 51 92 53 70 8 21 47 70 41 66 83 118 101 5 116 107 101 56 1 35 64 31 16 27 95 51 36 51 43 119 30 49 112 110 53 11 95 1 45 119 29 116 96 87 51 58 12 12 2 5 109 102 8 106 126 89 3 43 119 37 82 26 106 71 94 118 4 123 32 83 68 72 113 120 83 109 70 115 112 48 6 57 38 73 94 120 122 23 127 115 16 62 57 65 40 106 83 16 121 91 50 76 94 28 14 88 47 104 22 41 123 37 5 3 66 49 114 88 3 99 115 15 63 94 57 77 124 32 95 37 42 74 91 46 17 105 26 21 44 87 121 87 6 64 2 40 69 63 124 100 96 85 34 43 71 28 47 82 97 15 94 80 30 114 24 53 99 12 113 98 77 11 108 118 70 67 82 33 76 36 63 84 99 11 70 22 56 95 100 111 47 79 88 20 41 4 125 111 85 18 101 123 74 66 118 27 31 54 70 61 99 41 104 122 61 122 95 96 3 49 77 119 26 50 16 51 123 120 10 106 3 14 93 71 102 95 125 109 75 115 118 14 11 23 82 55 59 113 45 66 10 47 13 81 46 46 12 47 33 91 17 72 21 88 125 79 121 18 89 51 39 84 120 15 71 120 35 79 18 105 122 46 34 25 28 118 57 61 94 105 59 17 8 87 0 36 70 69 58 89 58 76 71 95 124 68 112 44 31 39 89 117 18 117 63 68 63 56 63 112 111 58 22 15 58 1 120 35 18 25 40 29 79 57 14 12 83 103 74 22 75 39 27 36 108 109 109 19 117 84 0 106 66 115 112 36 102 39 59 78 82 32 10 81 45 66 113 28 82 72 84 107 92 97 2 79 55 68 90 80 122 106 109 59 30 2 38 0 127 94 64 75 71 4 118 30 8 52 53 46 63 83 127 11 78 127 21 123 127 84 101 67 8 48 23 17 100 100 73 76 110 30 54 126 124 100 22 50 7 51 82 116 88 40 47 108 76 70 46 9 101 18 103 38 106 116 52 66 65 100 33 62 120 106 122 65 81 115 74 106 37 64 85 90 43 89 100 124 98 108 22 43 111 63 121 49 116 61 96 59 53 26 89 46 29 126 27 87 110 98 50 26 106 53 2 119 38 11 51 45 122 46 91 47 68 52 80 34 16 76 100 42 36 63 73 2 67 124 86 0 7 61 7 104 46 33
FIFO
0
519
2 5 6 8 9 15 16 17 21 23 25 26 27 28 29 32 34 35 36 38 39 41 43 44 45 46 48 50 51 54 58 59 62 65 67 73 76 77 80 82 84 87 88 89 90 98 99 100 101 102 103 104 108 110 111 113 114 115 119 120 122 124 125 126
RAND
0
523
3 4 5 6 8 10 11 12 13 14 15 16 17 19 20 23 24 28 29 30 31 32 35 39 41 44 50 51 52 56 58 59 60 62 69 70 71 72 74 75 77 78 79 83 88 89 92 93 95 97 99 101 102 105 107 109 111 112 113 114 115 117 118 123
LRU
0
537
1 3 5 6 8 10 12 13 14 15 18 19 20 24 25 28 30 31 32 35 38 39 40 41 44 55 56 57 58 59 60 64 69 71 72 74 75 77 78 79 82 83 84 90 92 93 94 95 97 99 102 103 105 106 107 108 109 112 113 114 117 122 125 127
MIN
0
270
3 5 6 8 10 11 12 13 14 15 17 20 21 23 24 25 28 31 35 36 39 40 41 44 45 47 49 51 55 56 57 58 60 66 69 70 71 72 74 75 77 79 82 84 88 93 94 95 96 99 102 105 106 109 112 113 114 115 117 118 120 122 123 125
